-1.709933781674720e-01
-3.938419218972732e-02
1.422307368801208e-01
-1.172764150544761e-01
-1.738805151431242e-01
-8.539663004864009e-02
-1.437388957821485e-01
-3.176949959263780e-01
-7.913778785445835e-02
-1.345565608584686e-01
-2.861247125920029e-01
-5.767086273149482e-01
-3.678184521425962e-01
-3.891137347024540e-02
4.239164223026459e-02
-6.851917073710621e-02
-2.405885488904317e-01
-4.440975758811039e-02
-3.115590716675833e-01
-2.109446957553326e-01
-1.086377140257427e-01
-2.888872752614166e-01
-2.620300398612994e-01
-9.474204784367879e-02
3.631894664043744e-02
-1.846385717267665e-01
-2.322579947777044e-01
-6.046144879347335e-02
3.633103688567946e-02
2.893289802605312e-02
-1.987396844677158e-01
-5.127374985913307e-02
-1.160696829767367e-01
-2.297431980244525e-01
-2.360222604162857e-01
-2.129415334959175e-01
-9.508288795582878e-02
-1.395320840462561e-01
-2.622826993870808e-01
-2.235481916341189e-01
-1.981964864617604e-01
-2.975053362544868e-01
-3.497693644158171e-01
-4.001588244392437e-02
3.100079131690042e-02
-2.610561115346641e-01
-1.553825478058856e-01
-1.652525931261689e-01
-9.281217313410294e-03
-2.716482207565259e-01
-3.244476981132147e-01
-7.311056914230524e-02
-2.537410239508494e-01
2.310170564440452e-02
-2.075381833174922e-02
-1.796866015496101e-01
-1.134515083270647e-01
-1.766996351521967e-01
-3.407742587622390e-01
-2.553274465902625e-01
-1.366403517658605e-01
-5.710236408873303e-02
-1.021177146174624e-01
-4.692701077167919e-01
-2.506665603243564e-01
-2.977348040779865e-01
-4.232837739049220e-01
-2.340015963886748e-01
3.089990238259236e-02
-7.251593188996218e-02
-1.257251484860382e-01
-2.036689811360576e-01
-1.636922654239519e-01
-2.957216534063777e-01
-1.860391670636555e-01
-2.644387222378690e-01
-1.606363229718129e-01
4.983733126638561e-02
6.136447379067483e-02
-1.064068695205847e-01
-5.804644772401345e-02
6.195368521170156e-02
3.884285335126292e-02
-4.301962053141357e-02
-2.869189671956628e-01
-2.292902129317944e-01
1.904308181844175e-01
1.461797123412033e-01
2.344241102294422e-01
1.894828146210227e-01
1.676535127058927e-01
1.482143248810442e-01
1.116070334091036e-01
2.524969662295030e-01
1.604773547261166e-01
2.558433288113669e-01
-1.278376913290823e-01
3.173368406205746e-02
-7.002718748093431e-02
-3.775522704243387e-03
-1.982884746749796e-02
-5.669402476774445e-02
-3.213638449754791e-01
-3.822928343737153e-01
-3.043422368812223e-01
-1.167543096163732e-01
-2.179511934430807e-01
5.423102517877477e-02
-6.975887654781385e-02
3.011487231766473e-01
2.653998034805626e-01
1.451201576191174e-02
-9.649815117664022e-02
2.184356381281410e-02
-2.938069015469316e-01
-2.351971574724373e-01
-1.103443519918077e-01
-2.140263917327769e-01
-2.960820494146844e-01
-2.450301577561813e-01
-3.277459769642712e-01
-2.578420795249260e-01
-1.048501854192456e-01
-3.689789058372367e-02
1.979614755697546e-01
3.324399050604099e-01
1.997267915114386e-01
-4.116792218035090e-03
1.844422358216515e-02
1.008462097028484e-01
7.178207174886933e-02
-1.750534880669515e-01
-9.787215019918115e-02
-4.326134893854713e-02
1.240345901826359e-01
1.963415666500376e-01
6.679908855621404e-02
2.638686859580109e-01
-1.084795808179694e-01
-1.864138819954293e-01
-2.898148942017893e-01
-5.336237443878795e-02
2.097131149229239e-02
-1.526971446408259e-01
-3.801141480295954e-01
-2.838211928212730e-01
-3.047665525712155e-01
-2.926100120341454e-01
-2.155353128785555e-01
-2.649191667060342e-01
-2.827193082055898e-01
-4.403840250421621e-01
-2.726089915139682e-01
-7.926502625534543e-02
-2.799199185548479e-01
-3.298686961885006e-01
-4.767159477431116e-02
-2.538369719198305e-02
-3.030694427397574e-01
-3.359631165407346e-01
-1.356632497160307e-01
-7.025847488883837e-02
1.354472152045085e-01
4.479354284623489e-02
3.707779136895259e-01
2.914460716929665e-02
-8.646942179902676e-03
9.694162911131080e-02
1.313326427217500e-01
7.914268793172897e-02
6.220733589607703e-02
1.467128752336383e-01
1.244588086363095e-02
1.970939347460514e-01
-1.644370945308052e-03
-6.479922765745320e-02
8.722152063551519e-02
1.041459829818068e-01
-6.022427364124266e-02
-2.689408808927152e-01
-1.703450165121315e-01
-1.242389521683759e-01
-4.979753130310770e-02
-4.246929717221638e-02
7.661826899811690e-02
5.378170783428599e-02
8.851760805393692e-02
4.675667356542115e-01
1.705488524745981e-01
1.769718559262074e-01
2.918215668497544e-01
2.461859058318562e-01
3.191682839583588e-01
2.375048994059333e-02
4.620310358186388e-02
1.074981547426090e-01
1.980826161711357e-01
1.338266188110294e-01
1.363986400546518e-01
2.870356489397298e-01
3.126440660637378e-01
2.409963708932015e-01
1.278654367200770e-02
-1.234221952340459e-01
-1.527222789703988e-02
-7.723765065848616e-02
-3.092145531959250e-01
-3.658804057300641e-01
-3.984204852843975e-01
-1.816344207079942e-01
-2.160295724328843e-01
-1.696773558224294e-01
-2.133749475892504e-01
-2.232349597344894e-01
-3.169786153648516e-01
-1.657222382939292e-01
3.715951895297444e-02
1.278380945287258e-03
-3.071617433075562e-01
-2.098803541105622e-01
-8.283479358016767e-02
-1.512411935262161e-01
-1.339311417985517e-01
2.917406031404726e-02
2.563308642210949e-01
1.489833400504653e-02
6.560833669275513e-02
1.564865926237157e-01
2.257294549591985e-01
-1.029399076511232e-01
-9.836979214487067e-02
-8.792814133173540e-02
-2.108854064804874e-02
-1.594040169070053e-01
-1.542657404173822e-02
5.333480156623530e-02
-1.670876988619045e-01
-9.977859835050838e-02
-1.590541276452679e-01
-2.820748982293370e-01
-9.415010483366618e-02
-2.974459082774089e-01
-1.984423964199426e-01
-1.613459926631198e-01
-1.059836504070462e-01
-1.586990683372678e-01
-3.751633340013499e-02
9.323435431251735e-02
2.884964472281610e-02
-1.875819843088595e-01
-9.777242399732614e-02
1.025850861796559e-01
1.896986323740451e-01
3.971606663365759e-01
1.726481244943246e-01
1.288919853624998e-01
1.109607899175781e-02
-6.672686304753707e-02
-1.497579025302016e-01
-1.262689175878870e-01
-5.494925717591788e-03
-5.710313898587859e-02
-3.057899961572087e-01
-8.683934937154691e-02
2.021276470100890e-01
-8.562610163216683e-02
-2.489148886160434e-02
-1.381772307975146e-01
-2.735524723273016e-01
-2.362360183662357e-01
-2.675467756609441e-01
-2.833073940814882e-01
4.655784023279494e-02
1.746814489351929e-01
-5.789085167469463e-02
-2.009875021081029e-01
-2.799616667046947e-02
-1.836724580114996e-01
8.603382344325386e-02
-8.705928311854429e-02
-1.669611766777084e-01
-2.548217131758732e-01
3.789099947330839e-02
-6.677765604537172e-02
8.227248778371018e-03
-3.819695361494006e-02
5.224175412810152e-02
-3.441648075193295e-02
1.877591457611980e-01
-9.321316224439108e-02
-2.353563293716723e-01
-1.859463939447268e-01
-1.962088151811789e-01
-7.007446580672735e-02
2.762901392229443e-01
7.774045284302397e-02
-3.294590609292285e-02
-3.724698516826763e-02
1.692431748135111e-01
-4.966345358869529e-03
1.290073184268723e-01
8.167370395939441e-03
-3.722074953319892e-02
-1.253124982984944e-01
-6.165544868088569e-02
6.627170490000996e-02
-1.873854553409968e-01
-6.116146213018947e-02
8.776654443508047e-02
1.194730400990518e-01
2.930687255848956e-01
1.611604144904601e-01
2.110442032579272e-01
1.759911187826239e-01
-6.277800524625425e-02
-1.346498628374658e-01
-2.142802881715389e-02
6.161781866952785e-02
4.194099029423790e-02
1.616714279942402e-01
-6.110926384888529e-02
5.387171027082033e-02
1.560301766832962e-01
7.969040010386513e-02
8.489714077099765e-03
-1.501792101263561e-01
-1.523685079008203e-01
-4.540571221013961e-02
1.359887847872958e-01
2.347995442939293e-01
2.394476310470411e-01
9.124808640894659e-02
-2.016424771892230e-01
-2.764243660797487e-01
-3.508190105811769e-01
-1.504500417577549e-01
-2.993416377512748e-02
2.469934435257290e-01
6.149789995515589e-02
5.124592316032880e-02
2.136140037865960e-01
1.693538944598794e-01
8.625302961610255e-02
1.544231673784853e-01
4.178337349779444e-02
3.308717778334524e-02
-1.632995587947317e-02
6.034860074771144e-02
-1.210960576963479e-01
-5.061126984763965e-02
8.056935631539915e-02
1.285217927948773e-01
2.487943998899443e-02
1.747417798642627e-01
1.624382388491552e-01
-3.483100261849096e-03
2.660968236772054e-01
4.172764570187797e-01
4.654703836126383e-01
3.620363764253647e-01
3.257282663634958e-01
2.646377565721307e-01
2.735716237107400e-01
2.481092958643017e-01
4.258901651329285e-02
2.495793773364379e-01
2.062850189284871e-01
1.745407884941036e-01
3.710899353270589e-01
1.099035455521055e-01
2.718261451103381e-01
2.657007050865071e-01
2.020767597675240e-02
1.788899798598003e-01
1.351352516544623e-01
-3.443287482085350e-02
1.376961180160410e-02
-1.167079380458514e-01
-3.959346228646365e-02
2.525885785977217e-01
3.526251754903593e-01
3.622130884497054e-01
1.549864380633024e-01
-2.446637531127885e-02
-3.330291049737066e-02
-1.009336636999104e-02
-1.846695190858599e-01
-2.398334096304614e-01
-1.309813627308194e-03
-2.474618626376738e-02
-9.865022309230106e-02
-1.559069916156510e-01
-1.209848384875574e-01
-1.169568362793369e-01
-1.833898238298438e-01
-9.715058771174397e-02
-1.950511048819190e-02
1.181742155633641e-01
1.975375210405753e-01
-1.620909042787620e-02
-1.107697978503094e-02
5.847371187398150e-02
1.888682503301155e-01
2.561201750633064e-01
2.504778359512077e-01
1.642842037799819e-01
1.827694192003008e-01
1.436004208622238e-01
1.376431799881347e-01
2.711371790279448e-01
4.581540721833433e-01
4.077132336032155e-01
3.447310340599491e-02
1.193599472673067e-01
2.571400297893131e-01
1.776909831803774e-01
1.416921260775314e-01
2.423709297179056e-01
2.765977848932673e-01
1.410836945671109e-01
1.687496318770583e-01
3.747454578550933e-01
6.820469927327191e-02
1.302522586728882e-01
3.690558117339396e-01
3.850720211179463e-01
5.230503079694888e-01
3.353100198895683e-01
4.151132384580915e-02
1.996392210072596e-01
1.761219727112734e-01
2.665248345403664e-01
4.155036363976189e-01
2.484769535978008e-01
3.589796461558090e-01
3.906380966452354e-01
3.427637293274837e-01
2.930985942556991e-01
3.043012397538707e-01
2.470674618348510e-01
2.110313033587620e-01
2.265511602369533e-01
2.482590892357345e-01
2.487933278817860e-01
2.530779679252588e-01
4.609978101213800e-01
3.826285510573525e-01
4.595082302104372e-01
4.604678451068440e-01
6.024575259161092e-01
3.109358042764958e-01
3.333535120460443e-01
5.916996015882535e-01
3.500605832540199e-01
3.918449286884562e-01
1.878197671704839e-01
3.230336950653812e-01
3.016746276750497e-01
2.388177904033944e-01
3.480385157364078e-01
3.119352375833253e-01
1.928831875582169e-01
3.031748426006995e-01
2.960976276012728e-01
1.534808986535931e-01
3.730569418644286e-01
3.644352185256491e-01
2.951564303888431e-01
1.731326019959646e-01
2.065276680751887e-01
3.107537359015984e-01
4.768151410577000e-01
2.315510232144031e-01
1.847255409199954e-01
3.579656742979626e-01
1.761275687233286e-01
5.605309201954307e-02
1.702062476619415e-01
2.655316532066708e-01
4.339582736467026e-01
3.628989958658617e-01
9.328363525729012e-02
1.017769553236804e-01
2.680791007405874e-01
1.558572314112712e-01
1.733908849301854e-01
2.603548794474169e-01
6.996818288951628e-02
2.465484154844354e-01
2.676890794220158e-01
2.543020835042001e-01
2.146594955566564e-01
1.928041908149956e-01
1.983151167247560e-01
1.777099147970979e-01
-5.168123014304250e-02
1.214548429346687e-01
-1.888487539781157e-01
-1.685328332838818e-01
-1.783888672173068e-02
1.777535864238191e-01
2.919565132905355e-01
4.371683762222906e-01
6.500043716982121e-01
4.322914619764511e-01
4.574868660131126e-01
4.169121671205194e-01
3.935015547449457e-01
4.250573574246274e-01
7.213645778586705e-01
3.944498781550647e-01
5.087724617882453e-01
3.412275608960709e-01
3.103900506803290e-01
2.643260449848466e-01
3.398290057264235e-01
3.603375864285967e-01
3.111763520243461e-01
2.807290612245527e-01
3.402688546975700e-01
3.599885135178061e-01
3.541525828163471e-02
3.207034332465932e-01
1.973516850855183e-01
4.804698369700429e-01
4.808825485384785e-01
3.817692321188241e-01
4.732803721590001e-01
3.224710713614629e-01
4.297098042300779e-01
2.683511486920703e-01
4.222125691370818e-01
4.112493890511866e-01
5.821705955735356e-01
5.169259698941620e-01
4.430617098228473e-01
4.735459569013882e-01
4.376927135183490e-01
4.450168740186426e-01
2.164496860901657e-01
2.025913382641776e-01
9.996940747215106e-02
1.025904670449641e-01
-8.863974352258333e-02
9.589354954962734e-02
1.118232747626837e-01
2.942473885814078e-01
-1.735733243350393e-01
1.013183077860074e-01
2.027668338529849e-01
3.782853879812745e-01
3.081582313297601e-01
1.689304669284572e-01
-5.786583558331759e-02
-1.566161811329129e-01
-1.272515497527886e-01
-1.782810407876398e-01
-3.886178507937758e-02
-1.149670360189488e-02
1.275981821560253e-01
1.944912576854029e-01
2.797923037387640e-01
1.846446585546446e-01
1.013786199701574e-01
-7.833153580443107e-02
1.984217924142116e-01
-7.421904810537457e-02
6.778684281085821e-02
-1.321096753257800e-01
-3.790373176584901e-02
-5.806333571993084e-02
1.440168608219654e-01
5.190371017835546e-02
-6.903478405715988e-02
3.611140861206016e-01
4.605089534959680e-02
2.099561826104070e-01
2.509936582742462e-01
2.177684876647724e-01
7.901124240285008e-03
6.247572514696574e-02
-3.882008406160504e-03
-1.371201019978583e-01
1.506391908496452e-01
2.541510480280022e-02
1.861755046303405e-01
-1.521133304238971e-01
-1.991694351753452e-01
-3.671145079331334e-01
-3.271412012179760e-01
-3.506153205004170e-01
-3.210962002389882e-01
-3.234130690342477e-01
-4.918365115760192e-01
-4.188656170396153e-01
-2.950107433714771e-01
-4.112665376582385e-01
-4.020540459826668e-01
-2.605650129655455e-01
-3.612321810651241e-01
-4.529481852433550e-01
-5.516660045121325e-01
-4.919036567252761e-01
-1.947808026353455e-01
2.001689243293932e-02
-1.658147157254442e-01
-2.280518682437045e-01
-7.772842495145625e-02
-2.132091950911005e-01
-3.884085540056335e-01
-2.244711726256013e-01
-3.457454237583392e-01
-3.442953047903682e-01
-2.368212224217690e-01
-3.430360455525488e-01
-1.780456270232215e-01
-1.661247710750374e-01
1.521818209417583e-02
-5.908177619639725e-02
-6.071045270753046e-01
-2.591146497922121e-01
-1.941294829462549e-01
-9.258628522455337e-02
3.449120025826165e-01
1.551628777363417e-01
-1.555964076603393e-01
-1.945640455974793e-01
-1.131269959034002e-01
-2.666087359148304e-01
-2.723582205112726e-01
-1.769720765384640e-01
-1.363140825481579e-01
-4.105134963074087e-01
-6.381954361692022e-02
3.469924717216804e-02
4.802470014230090e-03
-3.539285670283665e-01
-1.861390094884358e-01
-4.361268057701448e-01
-9.731470064741671e-02
-2.304267357204053e-01
-2.739871380313562e-01
-4.558885529081255e-01
-4.752892624884296e-01
-2.485121717224346e-01
-2.859171409685125e-01
-3.405838177526148e-01
-3.483525914405445e-01
-1.451334871081061e-01
2.500412096370972e-03
1.104153556507329e-01
-7.132855092053793e-02
-1.413731940280628e-01
7.999857638486894e-02
1.185967497062621e-01
3.531073823009213e-01
3.465005348553367e-01
3.348733817587478e-01
1.472997610101184e-02
1.047214198138392e-01
5.861408411224957e-02
-7.351182967012701e-02
-1.841021396166156e-01
-7.969970633905080e-02
4.161570448030034e-02
8.959872410372310e-02
-3.147886999217898e-02
9.519010169168776e-03
1.346872692294286e-01
1.699877696202405e-01
1.492705762648475e-01
6.667944806750974e-02
-1.504562208990241e-01
-2.561884047995276e-02
7.599318840610970e-02
5.073976453603397e-02
5.819013057485924e-03
-1.964739042619216e-03
-2.656508601703941e-01
-1.712524508051629e-01
-2.726502865198627e-01
-1.001328782445238e-01
7.358556227685205e-02
6.200882994750534e-03
2.049300419909257e-02
3.874675125019996e-02
2.445250637486994e-01
1.117256649174368e-01
2.139064991468579e-01
-1.638216517870608e-01
-8.184061813756814e-02
2.737872276710669e-01
2.585022976852577e-01
3.713422059111115e-01
6.807101721245477e-02
1.381403206249771e-01
4.007895235188499e-02
-2.387972038097491e-01
-1.309109777411276e-01
-7.826331220799568e-02
9.551913266914111e-02
2.930533166155717e-01
-1.295599223719963e-02
-4.277218733903284e-03
-6.384506177406570e-03
1.933023507076558e-01
3.385094101108719e-01
9.902576092267963e-02
2.074262173439275e-01
5.983076312811123e-02
1.563237552937981e-01
1.419931283583550e-01
-1.945613273374170e-01
-3.453416999309490e-01
-7.911474043686439e-02
4.975021537626228e-02
-2.178234647291054e-01
-3.444643501842091e-02
-9.259191225261242e-02
-1.288376599074676e-01
1.945195590547004e-02
-1.464495120639633e-01
7.960608381282803e-03
2.614406095580673e-02
2.126273022748283e-01
2.101715892337356e-01
1.505288442009396e-01
1.676322275196373e-01
9.167855582130281e-03
6.980221839511047e-02
1.009765239868441e-02
1.369603354540326e-02
1.419111478719317e-01
2.355523722369329e-02
-2.194634247821303e-01
1.251434669829218e-01
2.176028569092223e-01
1.929012392505247e-01
-5.508299097241463e-02
5.711015677978925e-02
-1.491678697587195e-01
-3.214917187598482e-02
1.721017181406454e-01
1.187531157093006e-02
-4.579837880205882e-02
8.698283622515089e-02
-7.200205213003483e-02
-1.476097020774017e-02
-7.796059335887981e-02
6.188881266805351e-02
-3.853760210923694e-02
4.889723790516828e-02
9.241367680296164e-02
1.063492840402230e-01
-1.429881641510824e-02
-6.213355957597609e-02
2.096795213130958e-01
2.449431668052790e-01
-9.791938100754367e-02
9.494878448196927e-03
-8.238126692899256e-02
-4.875357132479282e-02
9.598894880322829e-02
-1.779397510172588e-01
-1.723061291347250e-01
9.536272796682810e-02
-1.021270239107636e-01
1.355564438202921e-01
-9.483241493085487e-02
1.166408769651208e-01
4.832380129649998e-02
1.438574039262978e-01
1.225781116533913e-01
6.317960964315784e-02
7.870766599786271e-03
1.644811269211129e-02
-1.849173346541854e-01
-2.616077910561596e-01
-4.368936813692380e-01
-3.688815865746653e-01
-5.561181763770791e-01
-5.106060609963421e-01
-3.734038291440306e-01
-6.747873870330936e-01
-6.068078042817601e-01
-3.063008153192732e-01
-3.988252080660181e-01
-2.495730210755633e-01
-4.809844978237257e-01
-6.777537611444516e-01
-2.536486486949094e-01
-3.523970284074852e-01
-3.711912772997535e-01
-3.953097993878121e-01
-2.602248052650156e-01
-3.900936488767766e-01
-3.671087637504341e-01
-3.064683282502042e-01
-2.428179959725247e-01
-4.661743939450348e-01
-4.146383932447256e-01
-3.878930276675971e-01
-1.564633789130633e-01
-3.259025775430213e-01
-1.308502451750426e-01
5.214623784510629e-02
-3.492210758917975e-05
-3.675799936383391e-01
2.744380768386853e-03
5.239261741633491e-02
-1.618280214138994e-01
1.119594621052565e-01
4.919090074710970e-02
1.721549727266527e-01
1.468765425769114e-01
8.296642802207645e-02
7.188726619532397e-02
2.505569740070851e-01
2.683193468557192e-01
3.799147023798436e-01
2.970368571051092e-01
2.523112039532371e-01
1.628883603950716e-01
2.836511567738222e-02
1.919646211515632e-01
1.491894768273470e-01
1.972072484350391e-01
1.216380106250911e-01
-2.882887274762561e-01
2.472098152788889e-02
9.843161315178146e-02
-5.355362593707431e-02
1.251952539684872e-01
1.719418885929957e-01
2.526066811159155e-01
2.628651204740392e-01
1.983872211118438e-01
2.554003514476820e-01
1.994424291479574e-01
1.015837466546214e-01
1.473873348172982e-01
5.968025344459980e-02
1.080266888984999e-01
2.249826666546312e-01
2.322683768476562e-01
-2.296726678830540e-02
1.230906935013274e-01
1.526140722387052e-02
-3.115157411607238e-02
-2.066078278951325e-01
-2.535933282148861e-01
-3.991844130655704e-02
-1.795469337965988e-01
-1.659552282955061e-01
-1.186849849865862e-01
-4.723272515213264e-03
1.306548379822518e-01
-1.914876562260446e-01
3.526918393025877e-02
1.394846505472887e-01
-4.062398592364391e-02
-1.303723101858328e-01
4.355579739754912e-02
-3.941373128656270e-02
-1.022831524765241e-01
-1.456420876250702e-01
-1.446293155615909e-01
-1.968808921198836e-02
1.497206463227642e-01
5.261643128049016e-02
-8.699132877565661e-03
-3.552014855272302e-02
-5.342801410981735e-02
-1.425811935113053e-01
-2.768653274383946e-01
1.438279807583925e-02
-8.374959559416767e-02
1.202430211970366e-02
1.000967952876130e-01
-2.152761890282887e-01
-1.363339720804193e-01
1.560083299201526e-01
6.944256462071212e-02
-5.239799998290160e-02
-3.589299784870497e-02
-1.145567923657640e-01
-1.522723246303860e-01
-4.085105032905801e-01
-3.410440633977406e-01
-3.306849088491948e-01
-9.263278920307429e-02
-1.407788226426033e-01
1.193456710324946e-01
1.173023391378185e-02
1.462098053514120e-01
7.422966094021606e-02
-1.215770042377657e-01
-4.628873147557924e-02
5.576828214172831e-02
-3.013089831386669e-02
-1.888580177961643e-01
-3.969817183931885e-02
-2.020127814627683e-01
-3.929947039752880e-01
5.070090454951941e-02
-8.173467921393521e-02
-2.960430242590081e-01
-3.385435016163271e-01
-3.449821745623811e-01
-1.712801921868719e-02
-5.450813071846033e-02
2.639284540540997e-02
-3.908197878472060e-02
-9.870168957221800e-02
1.076185643996199e-02
5.479083114117401e-03
-8.191209246647585e-02
-1.019885860117424e-01
-2.034730940079790e-01
1.449933143217459e-01
-1.213097555486734e-01
-4.960820034047770e-02
2.030697754811448e-02
-1.592564181926036e-01
9.284529884306640e-03
-5.349860102463948e-02
-1.604697445681971e-01
7.114537705483609e-02
-2.905141594363295e-01
-2.679041692090853e-01
-4.275288964578304e-02
6.076013633530997e-02
6.402708023777318e-02
-1.442385721391922e-02
-3.037454989331475e-02
-1.428605178097545e-01
1.117477109630907e-01
4.453017145176759e-02
-1.505321269998738e-01
3.256131143856766e-02
-2.298286204986794e-01
-1.989126985831644e-01
-3.934263891869597e-01
-3.446479385120300e-01
-1.449216193342475e-01
-3.361336734583885e-02
1.328083454696143e-02
6.087466172554098e-02
1.445444927509857e-01
2.919972957625292e-02
5.938500829057086e-02
2.143192160062523e-01
3.739396971306650e-01
3.339896524386445e-01
3.751272546421321e-01
4.523111739994197e-01
7.879303689591881e-02
1.170113363027512e-01
2.272912937396794e-01
1.239826430881539e-01
1.386386935653368e-01
1.149412407915932e-01
2.645098973637327e-02
5.689073615846978e-02
2.130008512948967e-01
1.900252414592379e-01
-1.700383667388778e-01
-1.444000064080774e-01
-3.179923888128116e-01
5.024762490194510e-02
5.055010575396679e-02
8.106153589383336e-02
-9.684904995343208e-02
9.702205971472927e-03
1.189774704093977e-01
4.450870212518451e-02
-1.268494444463055e-02
-6.402610796209961e-02
-2.624430509099588e-01
-1.805930574273264e-01
-1.114168736494278e-01
-2.533070370879851e-02
-4.588823010581845e-02
-8.152550892094576e-02
-2.069945372507607e-01
-1.243619744115661e-01
1.029361224162620e-02
-2.639230982315147e-01
-1.966458896141966e-01
-6.830213084813846e-02
-2.765201477848376e-01
-1.709524877832246e-01
-1.671882413438700e-01
-1.963039425170171e-01
7.950918713500782e-02
7.178833953748318e-02
8.332067770933893e-02
-1.386066334585163e-01
4.427032209162849e-02
1.749936763614774e-01
